green = [115 210 22]/255;
orange = [245 121 0]/255;
blue = [52 101 164]/255;
%purple = [117 80 123]/255;
purple = [173 127 168]/255;
red = [204 0 0]/255;
grey = [85 87 83]/255;